70.54166666666667
11.970811849177654	18.536147012508188	-1.18822008753934
18.609802574497305	1.2981523220957585	0.8545132353856233
2.4698857282542854	5.353513127824047	1.509709802975095
18.35153656692716	7.3715426886551265	0.9162978572970231
16.756067151533234	18.63919086771592	5.715953300281429
1.4787628633768646	13.779457358261936	4.651302456564888
18.49083352946639	6.512790109048678	4.651302456564888
1.6966499908833752	1.3495641513484253	5.567600313861911
4.470958203065085	18.487853123725422	0.08726646259971638
